// example roll numbers 
// NOTE: This file should only contain roll numbers, NO COMMENTS

2300680100215
2200680319002
2200680319003
2200680519001
2000680100102
2200680100178
2000680100184
2000680100187
2300680200009
2300680200013
2300681540050
2300680200018
2300680200020
2300681550039
2300681530073
2300680200025
2300681540059
2300681530076
2300680100317
2300680100065
2300681520099
2300680100068
2300680100325
2300681520103
2300681540072
2300681520106
2300680540013
2300680100077
2300681540079
2300680310001
2300681540080
2300681540082
2300681550063
2300680100078
2000680100228
2100680100263
2100680100311
2100680209003
2000680000008
2200680100228
2300680519005
2200680519003
2300680310049
2300681520036
2300680100006
2300680110120
2300681520042
2300681530027
2300680310060
2300680310068
2300680310069
2300680100149
2300680100020
2300680100152
2300681530042
2300681530045
2300681530047
2300681540032
2300680200002
2300681550022
2300680100038
2300680120010
2300680109007
2300681530112
2300681540097
2300680100096
2300681530118
2300680400009
2300680400010
2300680540040
2300680100107
2300680400013
2300680000013
2300681520015
2300680000015
2300680100240
2300680100114
2300680100115
2300680100248
2300681520026
2300680100124
2200680310039
2200681540085
2200680310046
2200680310048
2100680310045
2200680009006
2200680100332
2200680100334
2200680310071
2200680310073
2200680310075
2000680310071
2200680310079
2200681540093
2000680310074
2200680310084
2200680310086
2200681540094
2200680100338
2100680310084
2200680310095
2200681540097
2100680310101
2100680519001
2200680100341
2200680310109
2100680100304
2200680310112
2200681540099
2200681540100
2000681540026
2100680100022
2100680130025
2100680130013
2200680100355
2200680100356
2100680130038
2000680130003
2200680130009
2200680130012
2200680130019
2200680130021
2000680130007
2000680130009
2000680130026
2000680130027
2200680130035
2100680100335
2200680130046
2000680130044
2100680130046
2200680130053
2000680100299
2100680130048
2100680130058
2100680130059
2100680540023
2100680100351
2100680100024
2100680310002
2300681529001
2100680310008
2100680310010
2100680310012
2100680540005
2200680100055
2100680310022
2200680100020
2100680540019
2000680200002
2000680200005
2200680200009
2000680200010
2000680200011
2100680200010
2000680200016
2000680200020
2100680200014
2100680200015
2200680200022
2100680200028
1900680200020
2000680200030
2200680100037
2100680200036
2200680540006
2200680540010
2000680540007
2200680540014
2200680540017
2000680540018
2000680540020
2100680540013
2100680540015
2200680540025
2200680540026
2000680540027
2200680540029
2200680540030
2200680540032
2000680540029
2200680100043
2200680109001
2200680540051
2200680109006
2300680409001
2300680409002
2300680409003
2300680409007
2200680110001
2100680110003
2000680310019
2100680110013
2000680110014
2100680110014
2200680110014
2200680110017
2200680110018
2200680100057
2200680110026
2200680109014
2100680110030
2200680109015
2000680110035
2100680110036
2200680110037
2100680110047
2100680110048
2100680110052
2200680109019
2100680310066
2200680109020
2200680110062
2200680110065
2200680110070

